5.0 0.042616 0.567347 0.085231 0.211998
5.0 0.125517 0.409461 0.093865 0.079606
5.0 0.042355 0.407298 0.084710 0.106903
5.0 0.019902 0.353118 0.039804 0.078717
5.0 0.089062 0.296900 0.178125 0.141041
5.0 0.645654 0.700933 0.352441 0.362776
5.0 0.637527 0.424780 0.210482 0.161253
5.0 0.383675 0.567347 0.225313 0.211998
5.0 0.230733 0.409461 0.093865 0.079606
5.0 0.326686 0.407298 0.110292 0.106903
5.0 0.368928 0.353118 0.104965 0.078717
5.0 0.273062 0.296900 0.189874 0.141041
5.0 0.910937 0.700933 0.178125 0.362776
5.0 0.950491 0.424780 0.099018 0.161253
