0 0.13731770833333332 0.7691481481481481 0.13383072916666666 0.22530555555555556
0 0.24623958333333332 0.15273611111111113 0.08335416666666666 0.10238425925925926
0 0.6948854166666667 0.7603287037037036 0.13715104166666667 0.1604351851851852
0 0.4601015625 0.3803333333333333 0.117890625 0.1726527777777778
0 0.89178125 0.25850925925925927 0.06854166666666667 0.12922685185185184
0 0.16681770833333334 0.4772731481481482 0.11844791666666667 0.16215277777777778
0 0.6769088541666667 0.5103888888888889 0.1113359375 0.15084259259259258
0 0.6863567708333334 0.38130555555555556 0.07784114583333333 0.1365462962962963
0 0.9237291666666666 0.5498148148148148 0.07493489583333333 0.12566666666666668
0 0.9695208333333334 0.9441527777777777 0.06095833333333334 0.11169444444444444
0 0.6843984375000001 0.2845972222222222 0.064484375 0.09132407407407407
0 0.6782838541666667 0.20025925925925925 0.0700234375 0.0935787037037037