0 0.7360651041666666 0.2974537037037037 0.1136328125 0.19995833333333335
0 0.25112239583333335 0.5396481481481482 0.1927265625 0.3646990740740741
0 0.22636197916666667 0.7010509259259259 0.12119270833333333 0.13969444444444445
0 0.28393229166666667 0.21982407407407406 0.11940624999999999 0.2043888888888889
0 0.051791666666666666 0.22838425925925926 0.08432552083333333 0.19215740740740742
0 0.03184635416666667 0.4254583333333333 0.06369270833333333 0.31240277777777775
0 0.09147916666666665 0.06676388888888889 0.12380729166666667 0.13352777777777777
0 0.5061666666666667 0.09546759259259259 0.13192447916666666 0.1513148148148148
0 0.5271458333333333 0.31275925925925924 0.15214583333333334 0.3067407407407407
0 0.7431197916666666 0.4719351851851852 0.05557552083333333 0.0752037037037037
0 0.7687083333333333 0.7294259259259259 0.08473958333333333 0.1915462962962963
0 0.7860416666666666 0.9040185185185186 0.11390364583333333 0.12009259259259258
0 0.9646223958333333 0.565712962962963 0.07075520833333333 0.2040648148148148
0 0.9013203125 0.1144537037037037 0.17690625000000001 0.2289074074074074
0 0.7043958333333333 0.06231944444444445 0.1266953125 0.1246388888888889