0 0.6951953125 0.548199074074074 0.17646875 0.18096296296296296
0 0.32386718750000004 0.6597870370370371 0.10102343750000001 0.16762037037037036
0 0.5134947916666667 0.6858981481481481 0.07855989583333334 0.16279166666666667
0 0.3884635416666667 0.5103333333333333 0.09947916666666666 0.1180324074074074
0 0.5367890625 0.43004166666666666 0.0490859375 0.10535185185185185
0 0.6893932291666667 0.4208472222222222 0.1082734375 0.11021296296296297
0 0.7247526041666668 0.8598287037037037 0.15165364583333335 0.2803472222222222
0 0.9311302083333334 0.7405138888888889 0.13773697916666666 0.2720185185185185
0 0.8598854166666666 0.5103287037037036 0.08200781250000001 0.1328148148148148
0 0.07576822916666666 0.7274027777777778 0.15034635416666667 0.2098888888888889
0 0.04070572916666667 0.30641666666666667 0.07784635416666667 0.12855555555555556
0 0.30235677083333334 0.27103240740740736 0.06988541666666667 0.08948148148148148