0 0.10891145833333334 0.5524953703703704 0.15002604166666667 0.15568055555555554
0 0.052520833333333336 0.7316157407407408 0.084953125 0.1776435185185185
0 0.9024609375 0.3916388888888889 0.12010416666666666 0.15090277777777777
0 0.4108463541666667 0.46619907407407407 0.106921875 0.11700925925925926
0 0.3209765625 0.1751296296296296 0.063609375 0.10325925925925926
0 0.34892447916666663 0.8449305555555555 0.3217213541666667 0.31013425925925925
0 0.39820572916666663 0.6356018518518519 0.10628906249999999 0.20193055555555556
0 0.42037239583333336 0.3868287037037037 0.1036015625 0.20290277777777777
0 0.44158854166666667 0.2806064814814815 0.062625 0.14294444444444443
0 0.8036979166666666 0.8914120370370371 0.21264322916666664 0.21717592592592594
0 0.7187161458333333 0.4409675925925926 0.24084375 0.23088425925925926
0 0.7862630208333333 0.7022685185185186 0.22159895833333335 0.2148888888888889
0 0.8519505208333332 0.29718518518518516 0.067984375 0.1389537037037037
0 0.25667708333333333 0.26428240740740744 0.07567968750000001 0.1617175925925926
0 0.228421875 0.4083935185185185 0.0671015625 0.07435185185185185
0 0.6161796875000001 0.17881018518518518 0.13376041666666666 0.10401388888888888
0 0.6230885416666666 0.6398703703703703 0.09470833333333334 0.09995370370370371
0 0.9375260416666666 0.5592546296296297 0.12495052083333333 0.24051851851851852