0 0.48932291666666666 0.6799675925925927 0.1515625 0.21506944444444445
0 0.473828125 0.5059212962962962 0.15390625 0.2483472222222222
0 0.4867604166666667 0.3640555555555556 0.12394270833333333 0.11726388888888889
0 0.49416666666666664 0.2707824074074074 0.12789322916666668 0.12194444444444444
0 0.5045364583333334 0.17192592592592593 0.07950260416666667 0.10200462962962964
0 0.1499921875 0.8205833333333333 0.20616145833333333 0.35790740740740745
0 0.19924739583333334 0.6108564814814815 0.16937239583333333 0.15258333333333332
0 0.23091145833333335 0.5096990740740741 0.16159635416666665 0.2100462962962963
0 0.27874739583333336 0.4242083333333333 0.1535703125 0.18350925925925926
0 0.7387812500000001 0.5424629629629629 0.16776822916666667 0.18687499999999999
0 0.9641692708333333 0.6538240740740741 0.07166145833333333 0.22743981481481482
0 0.7664348958333334 0.7304027777777778 0.1835703125 0.26208333333333333
0 0.8977239583333334 0.4528240740740741 0.11159895833333335 0.17658796296296297
0 0.9227838541666666 0.5668333333333333 0.10986979166666666 0.12368981481481482
0 0.7930390625 0.9269722222222222 0.20838281250000001 0.14606018518518518
0 0.6868098958333333 0.3364259259259259 0.14604166666666665 0.10888425925925926
0 0.9206848958333332 0.246662037037037 0.098265625 0.11979166666666667