0 0.4587109375 0.5324259259259259 0.0870546875 0.11746759259259258
0 0.24142708333333335 0.38579166666666664 0.10784895833333333 0.17006944444444447
0 0.19331770833333334 0.6600185185185186 0.11313541666666667 0.17716666666666667
0 0.47985677083333333 0.2896851851851852 0.14062760416666667 0.18587962962962962
0 0.26841927083333333 0.14621296296296296 0.05788802083333333 0.1512314814814815
0 0.26902343749999996 0.04142592592592593 0.09079427083333333 0.08285185185185186
0 0.4690442708333334 0.08804166666666666 0.1145703125 0.13510185185185186
0 0.44733854166666664 0.9495462962962963 0.19605989583333333 0.10090277777777777
0 0.45310937500000004 0.8172777777777778 0.10940104166666667 0.13499074074074074
0 0.18611197916666666 0.8549490740740741 0.10001041666666667 0.11844444444444445
0 0.7325989583333333 0.7955925925925926 0.1050078125 0.1620601851851852
0 0.7074869791666667 0.643462962962963 0.12283854166666666 0.1748148148148148
0 0.7045156250000001 0.546625 0.07640885416666668 0.0990462962962963
0 0.70115625 0.3817685185185185 0.10087239583333334 0.18778240740740743