0 0.12027083333333333 0.22118055555555555 0.08995312500000001 0.09893981481481481
0 0.09026041666666668 0.8686527777777777 0.0904140625 0.1683287037037037
0 0.5486614583333334 0.30990277777777775 0.09813020833333333 0.1282638888888889
0 0.336203125 0.35285648148148147 0.14534375 0.19771296296296295
0 0.5582838541666667 0.7756990740740741 0.22180208333333334 0.33208796296296295
0 0.33101041666666664 0.6770833333333334 0.17702864583333333 0.2563425925925926
0 0.3292057291666667 0.8754027777777778 0.16139583333333332 0.2491898148148148
0 0.33822395833333335 0.5138148148148147 0.07922916666666667 0.08656481481481482
0 0.7763854166666667 0.4726018518518519 0.10581510416666666 0.2012824074074074
0 0.5367630208333334 0.16099074074074074 0.08083072916666666 0.13861574074074076
0 0.9709635416666667 0.1386527777777778 0.05807552083333333 0.2483287037037037