0 0.5298723958333333 0.3567962962962963 0.141140625 0.18868055555555557
0 0.2699765625 0.42364351851851856 0.13259635416666668 0.13767592592592592
0 0.3072265625 0.15871296296296297 0.14558333333333331 0.2007824074074074
0 0.7301328125000001 0.13043055555555558 0.08782812499999999 0.1077638888888889
0 0.24462760416666668 0.7107777777777777 0.10753125000000001 0.16368055555555555
0 0.04217708333333334 0.3317083333333333 0.08435416666666667 0.16123148148148148
0 0.030247395833333336 0.458625 0.060497395833333335 0.13158333333333336
0 0.08469531250000001 0.13753703703703704 0.10156510416666667 0.12543055555555555
0 0.508 0.8007407407407408 0.11110937500000001 0.22243055555555555
0 0.5174583333333334 0.9258055555555555 0.11127864583333333 0.1483935185185185
0 0.8137187499999999 0.9129305555555556 0.17722916666666666 0.1741435185185185
0 0.79190625 0.7615416666666667 0.11860677083333333 0.16194907407407408
0 0.7850911458333333 0.5864398148148149 0.10633854166666666 0.15433796296296295
0 0.7609765625 0.45255555555555554 0.0700390625 0.11681944444444445
0 0.7458958333333333 0.36137962962962966 0.08247916666666667 0.09806481481481481
0 0.9306223958333334 0.14735648148148148 0.042942708333333336 0.10627314814814816
0 0.9149453125 0.06163425925925926 0.059304687499999995 0.07418981481481482