0 0.609109375 0.6503333333333333 0.13484895833333335 0.14060185185185184
0 0.43226302083333334 0.5293472222222223 0.11256510416666667 0.1972824074074074
0 0.10356510416666667 0.4496527777777778 0.13170833333333334 0.15979166666666667
0 0.5939244791666667 0.4074259259259259 0.11672395833333334 0.15568055555555554
0 0.5897526041666666 0.27176388888888886 0.07549739583333334 0.178875
0 0.2997760416666667 0.3780925925925926 0.1303828125 0.12624074074074074
0 0.40486458333333336 0.7503611111111111 0.14707552083333333 0.2952314814814815
0 0.8601901041666667 0.6610138888888889 0.16996354166666666 0.21321296296296297
0 0.896609375 0.38711574074074073 0.09231770833333333 0.11731018518518518
0 0.8910807291666667 0.8823055555555556 0.2178359375 0.2353888888888889
0 0.6553229166666666 0.8609166666666667 0.21169531249999998 0.27817129629629633
0 0.4835234375 0.1807175925925926 0.07170312499999999 0.07546759259259259
0 0.10793489583333334 0.2582638888888889 0.07423177083333334 0.12714351851851852