0 0.26453385416666664 0.3027916666666667 0.10791927083333334 0.17715740740740743
0 0.4806666666666667 0.778037037037037 0.15413020833333332 0.2187962962962963
0 0.7380338541666667 0.4831851851851852 0.08042708333333333 0.09495833333333334
0 0.05931770833333334 0.19614814814814815 0.11224479166666666 0.22191203703703702
0 0.028859375 0.31852777777777774 0.05771875 0.1750462962962963
0 0.096578125 0.04498611111111111 0.05730729166666667 0.0899675925925926
0 0.2715390625 0.09966666666666667 0.09905208333333333 0.1436851851851852
0 0.257109375 0.4724351851851852 0.0629765625 0.10727777777777778
0 0.495046875 0.49406481481481485 0.159140625 0.23808796296296295
0 0.7310807291666667 0.34025462962962966 0.11894270833333334 0.18106481481481482
0 0.7832343749999999 0.7521435185185186 0.13419791666666667 0.19101388888888887