0 0.22132552083333332 0.5050185185185185 0.12232291666666667 0.16730555555555554
0 0.7044557291666667 0.18006018518518518 0.108828125 0.17655555555555555
0 0.2534453125 0.2932546296296296 0.05749479166666667 0.11090740740740741
0 0.4884114583333333 0.17407407407407408 0.10853645833333332 0.18127314814814816
0 0.7386302083333334 0.6942453703703704 0.10208333333333333 0.1661064814814815
0 0.7245026041666667 0.5230277777777778 0.11001562499999999 0.14160648148148147
0 0.7066458333333333 0.4003842592592593 0.10703125 0.11169444444444444
0 0.7486067708333334 0.8306157407407407 0.07087500000000001 0.15317592592592594
0 0.9715755208333333 0.5373333333333333 0.05684895833333334 0.1052037037037037
0 0.9093723958333333 0.23950000000000002 0.05539583333333333 0.14647685185185186
0 0.8886406250000001 0.08468055555555555 0.0493125 0.09639814814814815
0 0.27951822916666663 0.05218055555555555 0.07784114583333333 0.10435648148148148